Voltages Slot  1 [6.996, 7.001, 7.001, 7.002, 7.001, 7.004, 7.004, 7.008, 7.004, 7.003, 7.002]
Currents Slot  1 [0.015, 0.015, 0.016, 0.011, 0.013, 0.018, 0.016, 0.015, 0.012, 0.012]
Voltages Slot  2 [7.992, 7.994, 7.995, 7.996, 7.996, 7.996, 8.001, 7.999, 7.998, 7.999, 8.0]
Currents Slot  2 [0.017, 0.007, 0.01, 0.011, 0.008, 0.012, 0.012, 0.013, 0.016, 0.017]
Voltages Slot  3 [8.972, 8.979, 8.973, 8.974, 8.975, 8.975, 8.975, 8.974, 8.977, 8.976, 8.977]
Currents Slot  3 [0.014, 0.014, 0.016, 0.016, 0.019, 0.015, 0.01, 0.015, 0.02, 0.015]
Voltages Slot  4 [8.009, 8.009, 8.01, 8.011, 8.012, 8.012, 8.012, 8.014, 8.016, 8.012, 8.016]
Currents Slot  4 [0.019, 0.015, 0.013, 0.012, 0.015, 0.022, 0.009, 0.013, 0.016, 0.018]
Voltages Slot  5 [6.998, 7.001, 6.999, 7.004, 7.003, 7.005, 7.003, 7.004, 7.006, 7.003, 7.005]
Currents Slot  5 [0.01, 0.011, 0.018, 0.006, 0.013, 0.007, 0.011, 0.015, 0.013, 0.013]
Voltages Slot  6 [8.972, 8.973, 8.977, 8.976, 8.979, 8.974, 8.977, 8.978, 8.977, 8.979, 8.981]
Currents Slot  6 [0.021, 0.017, 0.0, 0.012, 0.018, 0.0, 0.008, 0.014, 0.0, 0.0]
Voltages Slot  7 [8.995, 9.004, 9.003, 9.001, 9.003, 9.005, 9.006, 9.006, 9.005, 9.004, 9.006]
Currents Slot  7 [0.018, 0.016, 0.014, 0.015, 0.02, 0.018, 0.016, 0.016, 0.014, 0.013]
Voltages Slot  8 [6.969, 6.972, 6.973, 6.973, 6.974, 6.973, 6.976, 6.978, 6.974, 6.975, 6.977]
Currents Slot  8 [0.01, 0.006, 0.01, 0.0, 0.008, 0.01, 0.004, 0.01, 0.0, 0.0]
Voltages Slot  9 [8.059, 8.063, 8.064, 8.065, 8.066, 8.064, 8.067, 8.066, 8.066, 8.067, 8.068]
Currents Slot  9 [0.018, 0.016, 0.013, 0.013, 0.013, 0.012, 0.012, 0.017, 0.021, 0.013]
Voltages Slot  10 [8.985, 8.993, 8.993, 8.992, 8.994, 8.993, 8.99, 8.993, 8.992, 8.992, 8.995]
Currents Slot  10 [0.021, 0.016, 0.017, 0.015, 0.015, 0.015, 0.014, 0.015, 0.015, 0.014]
Voltages Slot  11 [8.999, 9.0, 9.0, 9.004, 9.001, 9.008, 9.005, 9.006, 9.005, 9.005, 9.01]
Currents Slot  11 [0.025, 0.018, 0.017, 0.017, 0.017, 0.016, 0.016, 0.015, 0.014, 0.017]
Voltages Slot  12 [8.063, 8.068, 8.07, 8.067, 8.065, 8.066, 8.068, 8.072, 8.068, 8.071, 8.07]
Currents Slot  12 [0.021, 0.008, 0.02, 0.013, 0.011, 0.015, 0.017, 0.013, 0.018, 0.017]
Voltages Slot  13 [7.103, 7.107, 7.107, 7.109, 7.109, 7.11, 7.111, 7.109, 7.109, 7.11, 7.112]
Currents Slot  13 [0.017, 0.018, 0.015, 0.011, 0.01, 0.01, 0.01, 0.012, 0.022, 0.008]
Voltages Slot  14 [7.044, 7.041, 7.044, 7.043, 7.043, 7.043, 7.045, 7.045, 7.045, 7.047, 7.046]
Currents Slot  14 [0.017, 0.011, 0.007, 0.011, 0.012, 0.013, 0.016, 0.013, 0.007, 0.012]
Voltages Slot  15 [0.0, 0.0, 0.0, 0.0, 0.0, 0.0, 0.0, 0.0, 0.0, 0.0, 0.0]
Currents Slot  15 [0.0, 0.0, 0.0, 0.0, 0.0, 0.0, 0.0, 0.0, 0.0, 0.0]
