Voltages Slot  1 [6.996, 7.0, 7.0, 7.001, 7.0, 7.003, 7.003, 7.008, 7.004, 7.003, 7.002]
Currents Slot  1 [0.014, 0.015, 0.017, 0.012, 0.013, 0.018, 0.015, 0.015, 0.012, 0.012]
Voltages Slot  2 [7.992, 7.994, 7.995, 7.996, 7.996, 7.997, 8.001, 7.999, 7.999, 8.0, 8.001]
Currents Slot  2 [0.018, 0.008, 0.011, 0.012, 0.008, 0.012, 0.013, 0.014, 0.017, 0.017]
Voltages Slot  3 [8.971, 8.978, 8.972, 8.973, 8.974, 8.975, 8.974, 8.973, 8.977, 8.975, 8.976]
Currents Slot  3 [0.015, 0.014, 0.016, 0.017, 0.02, 0.016, 0.011, 0.016, 0.021, 0.016]
Voltages Slot  4 [0.0, 0.0, 0.0, 0.001, 0.001, 0.001, 0.002, 0.002, 0.002, 0.002, 8.015]
Currents Slot  4 [0.007, 0.003, 0.0, 0.0, 0.002, 0.01, 0.0, 0.0, 0.004, 0.005]
Voltages Slot  5 [0.001, 0.0, 0.0, 0.001, 0.001, 0.002, 0.002, 0.002, 0.003, 0.001, 7.001]
Currents Slot  5 [0.0, 0.001, 0.007, 0.0, 0.003, 0.0, 0.002, 0.005, 0.004, 0.003]
Voltages Slot  6 [0.001, 0.001, 0.001, 0.0, 0.002, 0.001, 0.002, 0.002, 0.003, 0.003, 8.98]
Currents Slot  6 [0.006, 0.002, 0.0, 0.0, 0.004, 0.0, 0.0, 0.001, 0.0, 0.0]
Voltages Slot  7 [0.0, 0.0, 0.001, 0.001, 0.001, 0.001, 0.001, 0.002, 0.002, 0.002, 9.005]
Currents Slot  7 [0.004, 0.0, 0.0, 0.001, 0.006, 0.003, 0.002, 0.002, 0.001, 0.0]
Voltages Slot  8 [0.0, 0.0, 0.0, 0.0, 0.0, 0.0, 0.0, 0.0, 0.0, 0.0, 6.976]
Currents Slot  8 [0.001, 0.0, 0.001, 0.0, 0.0, 0.0, 0.0, 0.0, 0.0, 0.0]
Voltages Slot  9 [0.0, 0.0, 0.0, 0.0, 0.0, 0.001, 0.0, 0.002, 0.001, 0.001, 8.067]
Currents Slot  9 [0.005, 0.003, 0.002, 0.001, 0.002, 0.0, 0.0, 0.006, 0.008, 0.003]
Voltages Slot  10 [0.0, 0.001, 0.0, 0.001, 0.001, 0.002, 0.001, 0.002, 0.001, 0.002, 8.994]
Currents Slot  10 [0.007, 0.0, 0.003, 0.0, 0.001, 0.001, 0.0, 0.001, 0.003, 0.0]
Voltages Slot  11 [0.0, 0.0, 0.0, 0.001, 0.001, 0.001, 0.003, 0.002, 0.002, 0.002, 9.008]
Currents Slot  11 [0.01, 0.005, 0.003, 0.002, 0.002, 0.003, 0.002, 0.001, 0.002, 0.004]
Voltages Slot  12 [0.0, 0.001, 0.0, 0.001, 0.001, 0.001, 0.001, 0.002, 0.001, 0.003, 8.069]
Currents Slot  12 [0.008, 0.004, 0.007, 0.001, 0.0, 0.003, 0.005, 0.0, 0.005, 0.004]
