HCAL-1 65.36 500.0 2.0 2.0
HCAL-2 64.54 500.0 2.0 2.0
HCAL-3 64.54 500.0 2.0 2.0
HCAL-4 64.54 500.0 2.0 2.0
HCAL-5 64.54 500.0 2.0 2.0
HCAL-6 64.54 500.0 2.0 2.0
HCAL-7 64.54 500.0 2.0 2.0
HCAL-8 64.54 500.0 2.0 2.0
HCAL-9 64.54 500.0 2.0 2.0
HCAL-10 64.54 500.0 2.0 2.0
HCAL-11 65.36 500.0 2.0 2.0
HCAL-12 65.58 500.0 2.0 2.0
HCAL-13 65.58 500.0 2.0 2.0
HCAL-14 64.68 500.0 2.0 2.0
HCAL-15 64.68 500.0 2.0 2.0
HCAL-16 64.68 500.0 2.0 2.0
HCAL-17 64.68 500.0 2.0 2.0
HCAL-18 64.68 500.0 2.0 2.0
HCAL-19 64.68 500.0 2.0 2.0
HCAL-20 64.68 500.0 2.0 2.0
HCAL-21 65.74 500.0 2.0 2.0
HCAL-22 65.74 500.0 2.0 2.0
HCAL-23 65.74 500.0 2.0 2.0
HCAL-24 65.74 500.0 2.0 2.0
HCAL-25 65.74 500.0 2.0 2.0
HCAL-26 65.74 500.0 2.0 2.0
HCAL-27 66.33 500.0 2.0 2.0
HCAL-28 66.33 500.0 2.0 2.0
HCAL-29 66.33 500.0 2.0 2.0
HCAL-30 66.33 500.0 2.0 2.0
HCAL-31 66.33 500.0 2.0 2.0
HCAL-32 66.33 500.0 2.0 2.0
HCAL-33 64.98 500.0 2.0 2.0
HCAL-34 64.98 500.0 2.0 2.0
HCAL-35 64.98 500.0 2.0 2.0
HCAL-36 64.98 500.0 2.0 2.0
HCAL-37 66.34 500.0 2.0 2.0
HCAL-38 64.98 500.0 2.0 2.0
HCAL-39 64.98 500.0 2.0 2.0
HCAL-40 66.31 500.0 2.0 2.0
HCAL-41 66.28 500.0 2.0 2.0
HCAL-42 64.98 500.0 2.0 2.0
HCAL-43 64.98 500.0 2.0 2.0
HCAL-44 64.98 500.0 2.0 2.0
HCAL-45 64.98 500.0 2.0 2.0
HCAL-46 66.31 500.0 2.0 2.0
HCAL-47 64.98 500.0 2.0 2.0
HCAL-48 64.98 500.0 2.0 2.0
HCAL-49 64.98 500.0 2.0 2.0
HCAL-50 64.98 500.0 2.0 2.0
HCAL-51 66.37 500.0 2.0 2.0
HCAL-52 64.98 500.0 2.0 2.0
HCAL-53 66.37 500.0 2.0 2.0
HCAL-54 66.25 500.0 2.0 2.0
HCAL-55 64.98 500.0 2.0 2.0
HCAL-56 64.98 500.0 2.0 2.0
HCAL-57 64.98 500.0 2.0 2.0
HCAL-58 64.98 500.0 2.0 2.0
HCAL-59 64.98 500.0 2.0 2.0
HCAL-60 64.98 500.0 2.0 2.0
HCAL-61 64.98 500.0 2.0 2.0
HCAL-62 64.98 500.0 2.0 2.0
HCAL-63 64.98 500.0 2.0 2.0
HCAL-64 64.98 500.0 2.0 2.0
