HCAL-1 5.00 500.0 2.0 2.0
HCAL-2 5.00 500.0 2.0 2.0
HCAL-3 5.00 500.0 2.0 2.0
HCAL-4 5.00 500.0 2.0 2.0
HCAL-5 5.00 500.0 2.0 2.0
HCAL-6 5.00 500.0 2.0 2.0
HCAL-7 5.00 500.0 2.0 2.0
HCAL-8 5.00 500.0 2.0 2.0
HCAL-9 5.00 500.0 2.0 2.0
HCAL-10 5.00 500.0 2.0 2.0
HCAL-11 5.00 500.0 2.0 2.0
HCAL-12 5.00 500.0 2.0 2.0
HCAL-13 5.00 500.0 2.0 2.0
HCAL-14 5.00 500.0 2.0 2.0
HCAL-15 5.00 500.0 2.0 2.0
HCAL-16 5.00 500.0 2.0 2.0
HCAL-17 5.00 500.0 2.0 2.0
HCAL-18 5.00 500.0 2.0 2.0
HCAL-19 5.00 500.0 2.0 2.0
HCAL-20 5.00 500.0 2.0 2.0
HCAL-21 5.00 500.0 2.0 2.0
HCAL-22 5.00 500.0 2.0 2.0
HCAL-23 5.00 500.0 2.0 2.0
HCAL-24 5.00 500.0 2.0 2.0
HCAL-25 5.00 500.0 2.0 2.0
HCAL-26 5.00 500.0 2.0 2.0
HCAL-27 5.00 500.0 2.0 2.0
HCAL-28 5.00 500.0 2.0 2.0
HCAL-29 5.00 500.0 2.0 2.0
HCAL-30 5.00 500.0 2.0 2.0
HCAL-31 5.00 500.0 2.0 2.0
HCAL-32 5.00 500.0 2.0 2.0
HCAL-33 5.00 500.0 2.0 2.0
HCAL-34 5.00 500.0 2.0 2.0
HCAL-35 5.00 500.0 2.0 2.0
HCAL-36 5.00 500.0 2.0 2.0
HCAL-37 5.00 500.0 2.0 2.0
HCAL-38 5.00 500.0 2.0 2.0
HCAL-39 5.00 500.0 2.0 2.0
HCAL-40 5.00 500.0 2.0 2.0
HCAL-41 5.00 500.0 2.0 2.0
HCAL-42 5.00 500.0 2.0 2.0
HCAL-43 5.00 500.0 2.0 2.0
HCAL-44 5.00 500.0 2.0 2.0
HCAL-45 5.00 500.0 2.0 2.0
HCAL-46 5.00 500.0 2.0 2.0
HCAL-47 5.00 500.0 2.0 2.0
HCAL-48 5.00 500.0 2.0 2.0
HCAL-49 5.00 500.0 2.0 2.0
HCAL-50 5.00 500.0 2.0 2.0
HCAL-51 5.00 500.0 2.0 2.0
HCAL-52 5.00 500.0 2.0 2.0
HCAL-53 5.00 500.0 2.0 2.0
HCAL-54 5.00 500.0 2.0 2.0
HCAL-55 5.00 500.0 2.0 2.0
HCAL-56 5.00 500.0 2.0 2.0
HCAL-57 5.00 500.0 2.0 2.0
HCAL-58 5.00 500.0 2.0 2.0
HCAL-59 5.00 500.0 2.0 2.0
HCAL-60 5.00 500.0 2.0 2.0
HCAL-61 5.00 500.0 2.0 2.0
HCAL-62 5.00 500.0 2.0 2.0
HCAL-63 5.00 500.0 2.0 2.0
HCAL-64 5.00 500.0 2.0 2.0
