HCAL-1 25.00 500.0 2.0 2.0
HCAL-2 25.00 500.0 2.0 2.0
HCAL-3 25.00 500.0 2.0 2.0
HCAL-4 25.00 500.0 2.0 2.0
HCAL-5 25.00 500.0 2.0 2.0
HCAL-6 25.00 500.0 2.0 2.0
HCAL-7 25.00 500.0 2.0 2.0
HCAL-8 25.00 500.0 2.0 2.0
HCAL-9 25.00 500.0 2.0 2.0
HCAL-10 25.00 500.0 2.0 2.0
HCAL-11 25.00 500.0 2.0 2.0
HCAL-12 25.00 500.0 2.0 2.0
HCAL-13 25.00 500.0 2.0 2.0
HCAL-14 25.00 500.0 2.0 2.0
HCAL-15 25.00 500.0 2.0 2.0
HCAL-16 25.00 500.0 2.0 2.0
HCAL-17 25.00 500.0 2.0 2.0
HCAL-18 25.00 500.0 2.0 2.0
HCAL-19 25.00 500.0 2.0 2.0
HCAL-20 25.00 500.0 2.0 2.0
HCAL-21 25.00 500.0 2.0 2.0
HCAL-22 25.00 500.0 2.0 2.0
HCAL-23 25.00 500.0 2.0 2.0
HCAL-24 25.00 500.0 2.0 2.0
HCAL-25 25.00 500.0 2.0 2.0
HCAL-26 25.00 500.0 2.0 2.0
HCAL-27 25.00 500.0 2.0 2.0
HCAL-28 25.00 500.0 2.0 2.0
HCAL-29 25.00 500.0 2.0 2.0
HCAL-30 25.00 500.0 2.0 2.0
HCAL-31 25.00 500.0 2.0 2.0
HCAL-32 25.00 500.0 2.0 2.0
HCAL-33 25.00 500.0 2.0 2.0
HCAL-34 25.00 500.0 2.0 2.0
HCAL-35 25.00 500.0 2.0 2.0
HCAL-36 25.00 500.0 2.0 2.0
HCAL-37 25.00 500.0 2.0 2.0
HCAL-38 25.00 500.0 2.0 2.0
HCAL-39 25.00 500.0 2.0 2.0
HCAL-40 25.00 500.0 2.0 2.0
HCAL-41 25.00 500.0 2.0 2.0
HCAL-42 25.00 500.0 2.0 2.0
HCAL-43 25.00 500.0 2.0 2.0
HCAL-44 25.00 500.0 2.0 2.0
HCAL-45 25.00 500.0 2.0 2.0
HCAL-46 25.00 500.0 2.0 2.0
HCAL-47 25.00 500.0 2.0 2.0
HCAL-48 25.00 500.0 2.0 2.0
HCAL-49 25.00 500.0 2.0 2.0
HCAL-50 25.00 500.0 2.0 2.0
HCAL-51 25.00 500.0 2.0 2.0
HCAL-52 25.00 500.0 2.0 2.0
HCAL-53 25.00 500.0 2.0 2.0
HCAL-54 25.00 500.0 2.0 2.0
HCAL-55 25.00 500.0 2.0 2.0
HCAL-56 25.00 500.0 2.0 2.0
HCAL-57 25.00 500.0 2.0 2.0
HCAL-58 25.00 500.0 2.0 2.0
HCAL-59 25.00 500.0 2.0 2.0
HCAL-60 25.00 500.0 2.0 2.0
HCAL-61 25.00 500.0 2.0 2.0
HCAL-62 25.00 500.0 2.0 2.0
HCAL-63 25.00 500.0 2.0 2.0
HCAL-64 25.00 500.0 2.0 2.0
