HCAL0 5.00 500.0 1.0 1.0
HCAL1 5.00 500.0 1.0 1.0
HCAL2 5.00 500.0 1.0 1.0
HCAL3 5.00 500.0 1.0 1.0
HCAL4 5.00 500.0 1.0 1.0
HCAL5 5.00 500.0 1.0 1.0
HCAL6 5.00 500.0 1.0 1.0
HCAL7 5.00 500.0 1.0 1.0
HCAL8 5.00 500.0 1.0 1.0
HCAL9 5.00 500.0 1.0 1.0
HCAL10 5.00 500.0 1.0 1.0
HCAL11 5.00 500.0 1.0 1.0
HCAL12 5.00 500.0 1.0 1.0
HCAL13 5.00 500.0 1.0 1.0
HCAL14 5.00 500.0 1.0 1.0
HCAL15 5.00 500.0 1.0 1.0
HCAL16 5.00 500.0 1.0 1.0
HCAL17 5.00 500.0 1.0 1.0
HCAL18 5.00 500.0 1.0 1.0
HCAL19 5.00 500.0 1.0 1.0
HCAL20 5.00 500.0 1.0 1.0
HCAL21 5.00 500.0 1.0 1.0
HCAL22 5.00 500.0 1.0 1.0
HCAL23 5.00 500.0 1.0 1.0
HCAL24 5.00 500.0 1.0 1.0
HCAL25 5.00 500.0 1.0 1.0
HCAL26 5.00 500.0 1.0 1.0
HCAL27 5.00 500.0 1.0 1.0
HCAL28 5.00 500.0 1.0 1.0
HCAL29 5.00 500.0 1.0 1.0
HCAL30 5.00 500.0 1.0 1.0
HCAL31 5.00 500.0 1.0 1.0
HCAL32 5.00 500.0 1.0 1.0
HCAL33 5.00 500.0 1.0 1.0
HCAL34 5.00 500.0 1.0 1.0
HCAL35 5.00 500.0 1.0 1.0
HCAL36 5.00 500.0 1.0 1.0
HCAL37 5.00 500.0 1.0 1.0
HCAL38 5.00 500.0 1.0 1.0
HCAL39 5.00 500.0 1.0 1.0
HCAL40 5.00 500.0 1.0 1.0
HCAL41 5.00 500.0 1.0 1.0
HCAL42 5.00 500.0 1.0 1.0
HCAL43 5.00 500.0 1.0 1.0
HCAL44 5.00 500.0 1.0 1.0
HCAL45 5.00 500.0 1.0 1.0
HCAL46 5.00 500.0 1.0 1.0
HCAL47 5.00 500.0 1.0 1.0
HCAL48 5.00 500.0 1.0 1.0
HCAL49 5.00 500.0 1.0 1.0
HCAL50 5.00 500.0 1.0 1.0
HCAL51 5.00 500.0 1.0 1.0
HCAL52 5.00 500.0 1.0 1.0
HCAL53 5.00 500.0 1.0 1.0
HCAL54 5.00 500.0 1.0 1.0
HCAL55 5.00 500.0 1.0 1.0
HCAL56 5.00 500.0 1.0 1.0
HCAL57 5.00 500.0 1.0 1.0
HCAL58 5.00 500.0 1.0 1.0
HCAL59 5.00 500.0 1.0 1.0
HCAL60 5.00 500.0 1.0 1.0
HCAL61 5.00 500.0 1.0 1.0
HCAL62 5.00 500.0 1.0 1.0
HCAL63 5.00 500.0 1.0 1.0
