HCAL0 0.00 500.0 2.0 2.0
HCAL1 0.00 500.0 2.0 2.0
HCAL2 0.00 500.0 2.0 2.0
HCAL3 0.00 500.0 2.0 2.0
HCAL4 0.00 500.0 2.0 2.0
HCAL5 0.00 500.0 2.0 2.0
HCAL6 0.00 500.0 2.0 2.0
HCAL7 0.00 500.0 2.0 2.0
HCAL8 20.00 500.0 2.0 2.0
HCAL9 20.00 500.0 2.0 2.0
HCAL10 20.00 500.0 2.0 2.0
HCAL11 20.00 500.0 2.0 2.0
HCAL12 20.00 500.0 2.0 2.0
HCAL13 20.00 500.0 2.0 2.0
HCAL14 20.00 500.0 2.0 2.0
HCAL15 20.00 500.0 2.0 2.0
HCAL16 20.00 500.0 2.0 2.0
HCAL17 20.00 500.0 2.0 2.0
HCAL18 20.00 500.0 2.0 2.0
HCAL19 20.00 500.0 2.0 2.0
HCAL20 20.00 500.0 2.0 2.0
HCAL21 20.00 500.0 2.0 2.0
HCAL22 20.00 500.0 2.0 2.0
HCAL23 20.00 500.0 2.0 2.0
HCAL24 0.00 500.0 2.0 2.0
HCAL25 0.00 500.0 2.0 2.0
HCAL26 0.00 500.0 2.0 2.0
HCAL27 0.00 500.0 2.0 2.0
HCAL28 0.00 500.0 2.0 2.0
HCAL29 0.00 500.0 2.0 2.0
HCAL30 0.00 500.0 2.0 2.0
HCAL31 0.00 500.0 2.0 2.0
HCAL32 0.00 500.0 2.0 2.0
HCAL33 0.00 500.0 2.0 2.0
HCAL34 0.00 500.0 2.0 2.0
HCAL35 0.00 500.0 2.0 2.0
HCAL36 0.00 500.0 2.0 2.0
HCAL37 0.00 500.0 2.0 2.0
HCAL38 0.00 500.0 2.0 2.0
HCAL39 0.00 500.0 2.0 2.0
HCAL40 0.00 500.0 2.0 2.0
HCAL41 0.00 500.0 2.0 2.0
HCAL42 0.00 500.0 2.0 2.0
HCAL43 0.00 500.0 2.0 2.0
HCAL44 0.00 500.0 2.0 2.0
HCAL45 0.00 500.0 2.0 2.0
HCAL46 0.00 500.0 2.0 2.0
HCAL47 0.00 500.0 2.0 2.0
HCAL48 0.00 500.0 2.0 2.0
HCAL49 0.00 500.0 2.0 2.0
HCAL50 0.00 500.0 2.0 2.0
HCAL51 0.00 500.0 2.0 2.0
HCAL52 0.00 500.0 2.0 2.0
HCAL53 0.00 500.0 2.0 2.0
HCAL54 0.00 500.0 2.0 2.0
HCAL55 0.00 500.0 2.0 2.0
HCAL56 0.00 500.0 2.0 2.0
HCAL57 0.00 500.0 2.0 2.0
HCAL58 0.00 500.0 2.0 2.0
HCAL59 0.00 500.0 2.0 2.0
HCAL60 0.00 500.0 2.0 2.0
HCAL61 0.00 500.0 2.0 2.0
HCAL62 0.00 500.0 2.0 2.0
HCAL63 0.00 500.0 2.0 2.0
