HCAL0 20.00 500.0 2.0 2.0
HCAL1 20.00 500.0 2.0 2.0
HCAL2 20.00 500.0 2.0 2.0
HCAL3 20.00 500.0 2.0 2.0
HCAL4 20.00 500.0 2.0 2.0
HCAL5 20.00 500.0 2.0 2.0
HCAL6 20.00 500.0 2.0 2.0
HCAL7 20.00 500.0 2.0 2.0
HCAL8 0.00 500.0 2.0 2.0
HCAL9 0.00 500.0 2.0 2.0
HCAL10 0.00 500.0 2.0 2.0
HCAL11 0.00 500.0 2.0 2.0
HCAL12 0.00 500.0 2.0 2.0
HCAL13 0.00 500.0 2.0 2.0
HCAL14 0.00 500.0 2.0 2.0
HCAL15 0.00 500.0 2.0 2.0
HCAL16 0.00 500.0 2.0 2.0
HCAL17 0.00 500.0 2.0 2.0
HCAL18 0.00 500.0 2.0 2.0
HCAL19 0.00 500.0 2.0 2.0
HCAL20 0.00 500.0 2.0 2.0
HCAL21 0.00 500.0 2.0 2.0
HCAL22 0.00 500.0 2.0 2.0
HCAL23 0.00 500.0 2.0 2.0
HCAL24 20.00 500.0 2.0 2.0
HCAL25 20.00 500.0 2.0 2.0
HCAL26 20.00 500.0 2.0 2.0
HCAL27 20.00 500.0 2.0 2.0
HCAL28 20.00 500.0 2.0 2.0
HCAL29 20.00 500.0 2.0 2.0
HCAL30 20.00 500.0 2.0 2.0
HCAL31 20.00 500.0 2.0 2.0
HCAL32 0.00 500.0 2.0 2.0
HCAL33 0.00 500.0 2.0 2.0
HCAL34 0.00 500.0 2.0 2.0
HCAL35 0.00 500.0 2.0 2.0
HCAL36 0.00 500.0 2.0 2.0
HCAL37 0.00 500.0 2.0 2.0
HCAL38 0.00 500.0 2.0 2.0
HCAL39 0.00 500.0 2.0 2.0
HCAL40 0.00 500.0 2.0 2.0
HCAL41 0.00 500.0 2.0 2.0
HCAL42 0.00 500.0 2.0 2.0
HCAL43 0.00 500.0 2.0 2.0
HCAL44 0.00 500.0 2.0 2.0
HCAL45 0.00 500.0 2.0 2.0
HCAL46 0.00 500.0 2.0 2.0
HCAL47 0.00 500.0 2.0 2.0
HCAL48 0.00 500.0 2.0 2.0
HCAL49 0.00 500.0 2.0 2.0
HCAL50 0.00 500.0 2.0 2.0
HCAL51 0.00 500.0 2.0 2.0
HCAL52 0.00 500.0 2.0 2.0
HCAL53 0.00 500.0 2.0 2.0
HCAL54 0.00 500.0 2.0 2.0
HCAL55 0.00 500.0 2.0 2.0
HCAL56 0.00 500.0 2.0 2.0
HCAL57 0.00 500.0 2.0 2.0
HCAL58 0.00 500.0 2.0 2.0
HCAL59 0.00 500.0 2.0 2.0
HCAL60 0.00 500.0 2.0 2.0
HCAL61 0.00 500.0 2.0 2.0
HCAL62 0.00 500.0 2.0 2.0
HCAL63 0.00 500.0 2.0 2.0
