HCAL0 64.98 500.0 1.0 1.0
HCAL1 64.98 500.0 1.0 1.0
HCAL2 64.98 500.0 1.0 1.0
HCAL3 64.98 500.0 1.0 1.0
HCAL4 66.34 500.0 1.0 1.0
HCAL5 64.98 500.0 1.0 1.0
HCAL6 64.98 500.0 1.0 1.0
HCAL7 66.31 500.0 1.0 1.0
HCAL8 66.28 500.0 1.0 1.0
HCAL9 64.98 500.0 1.0 1.0
HCAL10 64.98 500.0 1.0 1.0
HCAL11 64.98 500.0 1.0 1.0
HCAL12 64.98 500.0 1.0 1.0
HCAL13 66.31 500.0 1.0 1.0
HCAL14 64.98 500.0 1.0 1.0
HCAL15 64.98 500.0 1.0 1.0
HCAL16 64.98 500.0 1.0 1.0
HCAL17 64.98 500.0 1.0 1.0
HCAL18 66.37 500.0 1.0 1.0
HCAL19 64.98 500.0 1.0 1.0
HCAL20 66.37 500.0 1.0 1.0
HCAL21 66.25 500.0 1.0 1.0
HCAL22 64.98 500.0 1.0 1.0
HCAL23 64.98 500.0 1.0 1.0
HCAL24 64.98 500.0 1.0 1.0
HCAL25 64.98 500.0 1.0 1.0
HCAL26 64.98 500.0 1.0 1.0
HCAL27 64.98 500.0 1.0 1.0
HCAL28 64.98 500.0 1.0 1.0
HCAL29 64.98 500.0 1.0 1.0
HCAL30 64.98 500.0 1.0 1.0
HCAL31 64.98 500.0 1.0 1.0
HCAL32 65.36 500.0 1.0 1.0
HCAL33 64.54 500.0 1.0 1.0
HCAL34 64.54 500.0 1.0 1.0
HCAL35 64.54 500.0 1.0 1.0
HCAL36 64.54 500.0 1.0 1.0
HCAL37 64.54 500.0 1.0 1.0
HCAL38 64.54 500.0 1.0 1.0
HCAL39 64.54 500.0 1.0 1.0
HCAL40 64.54 500.0 1.0 1.0
HCAL41 64.54 500.0 1.0 1.0
HCAL42 65.36 500.0 1.0 1.0
HCAL43 65.58 500.0 1.0 1.0
HCAL44 65.58 500.0 1.0 1.0
HCAL45 64.68 500.0 1.0 1.0
HCAL46 64.68 500.0 1.0 1.0
HCAL47 64.68 500.0 1.0 1.0
HCAL48 64.68 500.0 1.0 1.0
HCAL49 64.68 500.0 1.0 1.0
HCAL50 64.68 500.0 1.0 1.0
HCAL51 64.68 500.0 1.0 1.0
HCAL52 65.74 500.0 1.0 1.0
HCAL53 65.74 500.0 1.0 1.0
HCAL54 65.74 500.0 1.0 1.0
HCAL55 65.74 500.0 1.0 1.0
HCAL56 65.74 500.0 1.0 1.0
HCAL57 65.74 500.0 1.0 1.0
HCAL58 66.33 500.0 1.0 1.0
HCAL59 66.33 500.0 1.0 1.0
HCAL60 66.33 500.0 1.0 1.0
HCAL61 66.33 500.0 1.0 1.0
HCAL62 66.33 500.0 1.0 1.0
HCAL63 66.33 500.0 1.0 1.0
