HCAL0 25.00 500.0 1.0 1.0
HCAL1 25.00 500.0 1.0 1.0
HCAL2 25.00 500.0 1.0 1.0
HCAL3 25.00 500.0 1.0 1.0
HCAL4 25.00 500.0 1.0 1.0
HCAL5 25.00 500.0 1.0 1.0
HCAL6 25.00 500.0 1.0 1.0
HCAL7 25.00 500.0 1.0 1.0
HCAL8 25.00 500.0 1.0 1.0
HCAL9 25.00 500.0 1.0 1.0
HCAL10 25.00 500.0 1.0 1.0
HCAL11 25.00 500.0 1.0 1.0
HCAL12 25.00 500.0 1.0 1.0
HCAL13 25.00 500.0 1.0 1.0
HCAL14 25.00 500.0 1.0 1.0
HCAL15 25.00 500.0 1.0 1.0
HCAL16 25.00 500.0 1.0 1.0
HCAL17 25.00 500.0 1.0 1.0
HCAL18 25.00 500.0 1.0 1.0
HCAL19 25.00 500.0 1.0 1.0
HCAL20 25.00 500.0 1.0 1.0
HCAL21 25.00 500.0 1.0 1.0
HCAL22 25.00 500.0 1.0 1.0
HCAL23 25.00 500.0 1.0 1.0
HCAL24 25.00 500.0 1.0 1.0
HCAL25 25.00 500.0 1.0 1.0
HCAL26 25.00 500.0 1.0 1.0
HCAL27 25.00 500.0 1.0 1.0
HCAL28 25.00 500.0 1.0 1.0
HCAL29 25.00 500.0 1.0 1.0
HCAL30 25.00 500.0 1.0 1.0
HCAL31 25.00 500.0 1.0 1.0
HCAL32 25.00 500.0 1.0 1.0
HCAL33 25.00 500.0 1.0 1.0
HCAL34 25.00 500.0 1.0 1.0
HCAL35 25.00 500.0 1.0 1.0
HCAL36 25.00 500.0 1.0 1.0
HCAL37 25.00 500.0 1.0 1.0
HCAL38 25.00 500.0 1.0 1.0
HCAL39 25.00 500.0 1.0 1.0
HCAL40 25.00 500.0 1.0 1.0
HCAL41 25.00 500.0 1.0 1.0
HCAL42 25.00 500.0 1.0 1.0
HCAL43 25.00 500.0 1.0 1.0
HCAL44 25.00 500.0 1.0 1.0
HCAL45 25.00 500.0 1.0 1.0
HCAL46 25.00 500.0 1.0 1.0
HCAL47 25.00 500.0 1.0 1.0
HCAL48 25.00 500.0 1.0 1.0
HCAL49 25.00 500.0 1.0 1.0
HCAL50 25.00 500.0 1.0 1.0
HCAL51 25.00 500.0 1.0 1.0
HCAL52 25.00 500.0 1.0 1.0
HCAL53 25.00 500.0 1.0 1.0
HCAL54 25.00 500.0 1.0 1.0
HCAL55 25.00 500.0 1.0 1.0
HCAL56 25.00 500.0 1.0 1.0
HCAL57 25.00 500.0 1.0 1.0
HCAL58 25.00 500.0 1.0 1.0
HCAL59 25.00 500.0 1.0 1.0
HCAL60 25.00 500.0 1.0 1.0
HCAL61 25.00 500.0 1.0 1.0
HCAL62 25.00 500.0 1.0 1.0
HCAL63 25.00 500.0 1.0 1.0
